,Temp,Rad_Direct,Rad_Diffuse,Load_Actual,Load_Forecast,Price_Day_Ahead,Solar_Cap,Solar_Gen
Temp,1.0,0.4943937101081495,0.5154751659756707,-0.2362524469326634,-0.13455573368703996,0.027213240417572115,0.29473239692513403,0.5099177350486825
Rad_Direct,0.4943937101081495,1.0,0.5615153096937502,-0.005955122365192689,0.1580422329085461,-0.0019601668782222876,0.06128151636316027,0.8799222654596518
Rad_Diffuse,0.5154751659756707,0.5615153096937502,1.0,0.14791323984596158,0.27651936825806966,0.023255414438266963,0.07585586704674506,0.7819962020365241
Load_Actual,-0.2362524469326634,-0.005955122365192689,0.14791323984596158,1.0,0.9650882755472321,0.34083036414557183,-0.23991667367429093,0.19285791033901958
Load_Forecast,-0.13455573368703996,0.1580422329085461,0.27651936825806966,0.9650882755472321,1.0,0.3167496627021475,-0.19973958575376435,0.36581120979304677
Price_Day_Ahead,0.027213240417572115,-0.0019601668782222876,0.023255414438266963,0.34083036414557183,0.3167496627021475,1.0,0.04365838525819989,0.08172301178469472
Solar_Cap,0.29473239692513403,0.06128151636316027,0.07585586704674506,-0.23991667367429093,-0.19973958575376435,0.04365838525819989,1.0,0.10347848215910883
Solar_Gen,0.5099177350486825,0.8799222654596518,0.7819962020365241,0.19285791033901958,0.36581120979304677,0.08172301178469472,0.10347848215910883,1.0
